,AtBat,Hits,HmRun,RBI,Walks,Years,CAtBat,CHmRun,CRuns,CRBI,CWalks,Salary
0,293,66,1,29,14,1,293,1,30,29,14,425.0
1,315,81,7,38,39,14,3449,69,321,414,375,475.0
2,479,130,18,72,76,3,1624,63,224,266,263,480.0
3,496,141,20,78,37,11,5628,225,828,838,354,500.0
4,321,87,10,42,30,2,396,12,48,46,33,91.5
5,594,169,4,51,35,11,4408,19,501,336,194,750.0
6,185,37,1,8,21,2,214,1,30,9,24,70.0
7,298,73,0,24,7,3,509,0,41,37,12,100.0
8,323,81,6,32,8,2,341,6,32,34,8,75.0
9,401,92,17,66,65,13,5206,253,784,890,866,1100.0
10,574,159,21,75,59,10,4631,90,702,504,488,517.143
11,202,53,4,26,27,9,1876,15,192,186,161,512.5
12,418,113,13,61,47,4,1512,41,205,204,203,550.0
13,239,60,0,11,22,6,1941,4,309,103,207,700.0
14,196,43,7,27,30,13,3231,36,376,290,238,240.0
15,183,39,3,15,11,3,201,3,20,16,11,425.0
16,568,158,20,75,73,15,8068,177,1045,993,732,775.0
17,190,46,2,8,15,5,479,5,65,23,39,175.0
18,407,104,6,43,65,12,5233,100,643,658,653,425.0
19,127,32,8,22,14,8,727,24,67,82,56,135.0
20,413,92,16,48,65,1,413,16,72,48,65,100.0
21,426,109,3,43,62,1,426,3,55,43,62,115.0
22,22,10,1,2,1,6,84,2,9,9,3,425.0
23,472,116,16,62,74,6,1924,67,242,251,240,600.0
24,629,168,18,102,40,18,8424,164,1008,1072,402,776.667
25,587,163,4,51,70,6,2695,17,442,198,317,765.0
26,324,73,4,18,22,7,1931,13,291,108,180,708.333
27,474,129,10,56,40,10,2331,61,246,327,166,750.0
28,550,152,6,37,81,5,2308,32,349,182,308,625.0
29,513,137,20,95,90,14,5201,166,763,734,784,900.0
30,313,84,9,30,39,17,6890,224,1033,864,1087,425.0
31,419,108,6,36,22,3,591,8,80,46,31,110.0
32,517,141,27,87,52,9,3571,215,545,652,337,425.0
33,583,168,17,80,56,5,1646,44,219,208,136,612.5
34,204,49,6,25,12,7,1309,27,126,132,66,300.0
35,379,106,10,60,30,14,6207,146,859,803,571,850.0
36,161,36,0,10,17,4,1053,3,156,86,107,425.0
37,268,60,5,25,15,2,350,5,34,29,18,90.0
38,346,98,5,53,30,16,5913,235,784,901,560,425.0
39,241,61,1,12,14,1,241,1,34,12,14,425.0
40,181,41,1,21,33,2,232,4,20,29,45,67.5
41,216,54,0,18,15,18,7318,46,796,627,483,425.0
42,200,57,6,14,14,9,2516,46,371,230,195,425.0
43,217,46,7,19,9,4,694,32,86,76,32,180.0
44,194,40,7,29,30,11,4183,64,486,493,608,425.0
45,254,68,2,26,22,6,999,21,108,117,118,305.0
46,416,132,7,49,33,3,932,24,113,121,80,215.0
47,205,57,8,32,9,5,756,32,117,107,51,247.5
48,542,140,12,75,41,16,7099,235,987,1089,431,425.0
49,526,146,13,70,84,6,2648,77,352,342,289,815.0
50,457,101,14,63,22,17,6521,281,1003,977,619,875.0
51,214,53,2,29,23,2,226,2,32,32,27,70.0
52,19,7,0,2,1,4,41,1,3,4,4,425.0
53,591,168,19,72,39,9,4478,113,634,563,319,1200.0
54,403,101,12,53,39,12,5150,166,747,666,526,675.0
55,405,102,18,85,20,6,950,29,99,138,64,415.0
56,244,58,9,25,35,4,1335,49,164,179,194,340.0
57,235,61,3,39,21,14,3926,35,441,401,333,425.0
58,313,78,6,41,12,12,3742,35,409,321,170,416.667
59,627,177,25,81,70,6,3210,133,529,472,313,1350.0
60,416,113,24,69,16,1,416,24,58,69,16,90.0
61,155,44,6,23,15,16,6631,98,698,661,777,275.0
62,236,56,0,15,11,4,1115,1,116,64,57,230.0
63,216,53,1,15,22,4,926,9,118,69,114,225.0
64,24,3,0,0,2,3,159,0,20,12,9,425.0
65,585,139,31,94,62,17,7546,315,1141,1179,727,950.0
66,191,37,4,17,14,4,773,16,61,74,52,425.0
67,199,53,5,22,21,3,514,8,57,40,39,75.0
68,521,142,20,86,45,4,815,22,99,103,78,105.0
69,419,113,1,27,44,12,4484,32,612,344,422,425.0
70,311,81,3,30,26,17,8247,100,950,909,690,320.0
71,138,31,8,21,38,3,244,12,33,32,55,425.0
72,512,131,26,96,52,14,5347,221,712,815,548,850.0
73,507,122,29,85,91,18,7761,347,1175,1152,1380,535.0
74,529,137,26,97,97,15,6661,291,1082,949,989,933.333
75,424,119,6,46,13,9,3651,32,461,301,112,850.0
76,351,97,4,29,39,4,1258,16,196,110,117,210.0
77,195,55,5,33,30,8,1313,25,144,149,153,425.0
78,388,103,15,47,39,6,2174,80,285,274,186,325.0
79,339,96,4,29,23,4,1064,11,123,108,55,275.0
80,561,118,35,94,33,16,6677,442,901,1210,608,425.0
81,255,70,7,35,43,15,6311,154,1019,608,820,450.0
82,677,238,31,113,53,5,2223,93,349,401,171,1975.0
83,227,46,7,20,12,5,1325,44,156,158,67,425.0
84,614,163,29,83,75,11,5017,266,813,822,617,1900.0
85,329,83,9,39,56,9,3828,145,575,528,635,600.0
86,637,174,31,116,56,14,6727,247,978,1093,495,1041.667
87,280,82,16,45,47,2,428,25,61,70,63,110.0
88,155,41,12,29,22,16,5409,181,746,805,875,260.0
89,458,114,13,57,48,4,1350,28,160,123,122,475.0
90,314,83,13,46,16,5,1457,28,156,159,76,431.5
91,475,123,27,93,72,4,1810,108,292,343,267,1220.0
92,317,78,7,35,32,1,317,7,35,35,32,70.0
93,511,138,25,96,61,3,592,28,87,110,71,145.0
94,278,69,3,21,29,8,2079,32,258,192,162,425.0
95,382,119,13,58,36,12,2133,41,287,294,227,595.0
96,565,148,24,104,77,14,7287,305,1135,1234,791,1861.46
97,277,71,2,29,14,15,5952,60,753,596,259,425.0
98,415,115,27,71,68,3,711,45,156,119,99,300.0
99,424,110,15,47,36,7,2130,38,335,174,258,490.0
100,495,151,17,84,78,10,5624,275,884,1015,709,2460.0
101,524,132,9,47,54,2,972,14,123,92,90,425.0
102,233,49,2,23,18,8,1350,7,166,122,106,375.0
103,395,106,16,56,35,10,2303,86,266,323,248,425.0
104,397,114,23,67,53,13,5589,241,906,926,716,425.0
105,210,37,8,19,15,6,994,36,107,114,53,425.0
106,420,95,23,58,37,3,646,31,77,77,61,425.0
107,566,154,22,84,43,14,6100,131,743,693,300,750.0
108,641,198,31,108,41,5,2129,92,297,319,117,1175.0
109,215,51,4,18,11,1,215,4,19,18,11,70.0
110,441,128,16,73,80,14,6675,209,1072,1050,695,1500.0
111,325,76,16,52,37,5,1506,71,195,219,214,385.0
112,490,125,24,105,62,13,6063,271,847,999,680,1925.571
113,574,152,31,101,64,3,985,53,148,173,95,215.0
114,284,64,14,42,24,18,7023,348,986,1239,666,425.0
115,596,171,34,108,52,6,2862,107,361,401,224,900.0
116,472,118,12,54,30,4,793,14,102,80,50,155.0
117,283,77,14,47,26,16,6840,259,915,1067,546,700.0
118,408,94,4,36,66,9,3573,59,429,365,410,535.0
119,327,85,3,44,20,8,2140,16,216,208,93,362.5
120,370,96,21,46,60,15,6986,231,1070,955,921,733.333
121,354,77,16,55,41,20,8716,384,1172,1267,1057,200.0
122,539,139,5,58,69,5,1469,12,247,126,198,400.0
123,340,84,11,33,47,5,1516,42,284,141,219,400.0
124,510,126,2,44,35,11,5562,44,703,519,256,737.5
125,315,59,16,36,58,13,4677,268,681,782,697,425.0
126,282,78,13,51,29,5,1649,73,211,280,138,500.0
127,380,120,5,51,31,8,3118,92,444,419,240,600.0
128,584,158,15,84,42,5,2358,58,265,316,134,662.5
129,570,169,21,88,38,7,3754,140,492,589,263,950.0
130,306,104,14,58,25,7,2954,55,313,377,187,750.0
131,220,54,10,39,31,5,1185,40,145,154,128,297.5
132,278,70,7,37,18,18,7186,190,935,1088,643,325.0
133,445,99,1,24,29,4,618,1,72,31,48,87.5
134,143,39,5,30,15,9,639,16,80,97,61,175.0
135,185,40,4,11,18,3,524,7,58,37,47,90.0
136,589,170,40,108,69,6,2325,128,371,376,238,1237.5
137,343,103,6,36,40,15,4338,70,581,421,325,430.0
138,284,69,1,18,25,5,1407,6,139,98,111,425.0
139,438,103,2,32,71,2,440,2,67,32,71,100.0
140,600,144,33,117,65,2,696,38,101,130,69,165.0
141,663,200,29,121,32,4,1447,57,210,222,68,250.0
142,232,55,9,23,45,12,4405,194,702,705,625,1300.0
143,479,133,10,72,55,17,7472,153,980,1032,854,773.333
144,209,45,0,19,42,10,3859,23,557,279,478,425.0
145,528,132,21,74,41,6,2641,97,273,383,226,1008.333
146,160,39,8,31,22,14,2128,56,304,268,298,275.0
147,599,183,10,74,32,5,2482,27,330,326,158,775.0
148,497,136,7,38,26,11,3871,40,450,367,241,850.0
149,210,70,13,51,28,15,4040,97,544,462,551,365.0
150,225,61,5,26,26,11,1568,25,202,185,257,425.0
151,151,41,4,21,19,2,288,9,45,39,35,95.0
152,278,86,4,38,45,1,278,4,33,38,45,110.0
153,341,95,6,42,20,10,2964,81,379,428,221,100.0
154,537,147,23,88,47,10,2744,97,302,351,174,277.5
155,399,102,3,34,34,5,670,4,89,48,54,80.0
156,309,94,5,32,26,13,4618,57,616,522,436,600.0
157,401,100,2,19,28,4,876,2,126,44,55,425.0
158,336,93,9,46,23,15,5779,128,730,741,497,425.0
159,616,163,27,107,32,3,1437,65,181,227,82,200.0
160,219,47,8,26,17,12,1188,23,100,125,63,425.0
161,579,174,7,78,58,6,3053,32,366,337,218,657.0
162,165,39,2,9,16,3,196,2,18,10,18,75.0
163,618,200,20,110,62,13,7127,351,1104,1289,564,2412.5
164,257,66,5,26,32,14,3910,33,518,324,382,250.0
165,315,76,13,60,25,3,630,24,68,94,55,155.0
166,591,157,16,78,26,4,2020,52,310,226,91,640.0
167,404,92,11,49,18,6,1354,30,188,135,63,300.0
168,315,73,5,37,16,4,450,6,38,46,28,110.0
169,249,69,6,19,20,4,702,10,97,48,44,425.0
170,429,91,12,42,57,13,5590,83,578,579,644,825.0
171,212,54,13,44,18,2,233,13,31,46,20,425.0
172,453,101,3,43,61,3,948,6,96,72,91,195.0
173,161,43,4,26,22,3,707,21,77,99,76,425.0
174,184,47,5,28,18,11,3327,74,419,382,304,450.0
175,591,184,20,79,38,5,1689,40,219,195,82,630.0
176,181,58,6,23,22,1,181,6,34,23,22,86.5
177,441,118,28,86,68,8,2723,126,433,420,309,1300.0
178,490,150,21,58,35,14,6126,121,983,707,600,1000.0
179,551,171,13,83,94,13,6090,128,969,900,917,1800.0
180,550,147,29,91,71,6,2816,117,405,474,319,1310.0
181,283,74,4,29,22,10,3919,85,505,456,283,737.5
182,560,161,26,96,66,4,1789,65,233,260,155,625.0
183,328,91,12,43,33,2,342,12,51,44,33,125.0
184,586,159,12,79,53,9,3082,83,363,477,295,1043.333
185,503,136,5,48,83,10,3423,20,408,303,414,725.0
186,344,85,24,64,88,7,911,64,150,156,187,300.0
187,680,223,31,96,34,3,1928,35,262,201,91,365.0
188,279,64,0,26,30,1,279,0,31,26,30,75.0
189,484,127,20,65,67,7,3006,116,436,458,377,1183.333
190,431,127,8,45,58,2,667,9,117,64,88,202.5
191,283,70,8,37,27,12,4479,94,557,483,307,225.0
192,491,141,11,47,37,15,4291,84,615,430,340,525.0
193,199,52,9,28,21,6,805,30,113,119,87,265.0
194,589,149,21,86,64,7,3558,102,513,471,351,787.5
195,327,84,22,62,38,10,4273,212,577,700,334,800.0
196,464,128,28,94,52,13,5829,210,740,840,452,587.5
197,166,34,0,13,17,1,166,0,20,13,17,425.0
198,338,92,18,60,21,3,682,36,88,112,50,145.0
199,508,146,8,44,46,9,3148,41,571,289,326,425.0
200,584,157,20,73,63,10,4704,93,724,522,576,420.0
201,216,54,2,25,33,1,216,2,27,25,33,75.0
202,625,179,4,60,65,5,1696,12,216,163,166,575.0
203,243,53,4,26,27,4,853,23,101,110,76,425.0
204,489,131,19,55,34,7,2051,62,300,263,153,780.0
205,209,56,12,36,19,2,216,12,24,37,19,90.0
206,407,93,8,30,30,2,969,14,121,69,68,150.0
207,490,148,14,78,49,13,3400,113,445,491,301,700.0
208,209,59,6,37,27,4,884,14,66,106,92,425.0
209,442,131,18,77,33,6,1416,47,210,203,136,550.0
210,317,88,3,32,19,8,2543,28,269,270,118,425.0
211,288,65,8,36,27,9,2815,55,315,325,189,650.0
212,209,54,3,14,12,1,209,3,25,14,12,68.0
213,303,71,3,30,36,3,344,3,20,36,45,100.0
214,330,77,19,53,27,6,1928,90,247,288,161,670.0
215,504,120,28,71,54,3,1085,54,150,167,114,175.0
216,258,60,8,33,18,3,638,17,80,75,36,137.0
217,20,1,0,0,0,2,41,2,6,7,4,2127.333
218,374,94,5,26,62,7,1968,26,181,199,288,875.0
219,211,43,10,35,39,3,498,14,59,55,78,120.0
220,299,75,6,23,26,3,580,8,71,33,44,140.0
221,576,167,8,49,57,4,822,19,132,83,79,210.0
222,381,110,9,45,32,7,3015,40,451,249,168,800.0
223,288,76,7,37,15,4,1644,16,198,120,113,240.0
224,369,93,9,42,49,5,1258,54,181,177,157,350.0
225,330,76,12,41,47,4,1367,55,167,198,167,425.0
226,547,137,2,47,12,2,1038,3,129,80,24,175.0
227,572,152,18,49,65,2,978,36,168,91,101,200.0
228,359,84,4,27,21,12,4992,37,699,386,387,425.0
229,514,144,0,54,79,9,4739,13,583,374,528,1940.0
230,359,80,15,48,63,7,1493,61,176,202,175,700.0
231,526,163,12,50,77,4,1556,38,245,167,174,750.0
232,313,83,9,41,30,14,5885,104,751,714,535,450.0
233,540,135,30,88,55,1,540,30,82,88,55,172.0
234,437,123,9,55,40,9,4139,79,676,390,364,1260.0
235,551,160,23,90,87,5,2235,75,278,328,273,425.0
236,237,52,0,25,30,24,14053,160,2165,1314,1566,750.0
237,236,56,6,19,21,5,1257,24,166,125,105,190.0
238,473,154,6,48,29,6,1966,29,250,252,178,580.0
239,309,72,0,31,26,5,354,0,41,32,26,130.0
240,271,77,5,29,33,12,4933,48,630,435,403,450.0
241,357,96,7,45,39,5,1394,43,178,192,136,300.0
242,216,56,4,18,15,12,2796,43,266,304,198,250.0
243,256,70,13,36,44,16,7058,312,965,1128,990,1050.0
244,466,108,33,86,72,3,652,44,102,109,102,215.0
245,327,68,13,29,45,18,3949,78,438,380,466,400.0
246,462,119,16,65,37,7,2131,69,244,288,150,425.0
247,341,110,9,49,46,9,2331,50,249,322,274,560.0
248,608,160,28,74,89,8,4071,103,862,417,708,1670.0
249,419,101,18,58,92,20,9528,548,1509,1659,1342,487.5
250,33,6,0,4,7,1,33,0,2,4,7,425.0
251,376,82,21,60,35,5,1770,115,238,299,157,425.0
252,486,145,11,76,40,11,3967,67,410,497,284,500.0
253,186,44,7,16,11,1,186,7,28,16,11,425.0
254,307,80,1,36,29,7,2421,18,379,198,184,425.0
255,246,76,5,39,13,6,912,12,102,96,80,250.0
256,205,52,8,27,17,12,5134,56,643,445,459,400.0
257,348,90,11,45,43,10,2288,43,295,273,269,450.0
258,523,135,8,44,52,9,3368,39,377,284,296,750.0
259,312,68,2,22,24,1,312,2,32,22,24,70.0
260,496,119,8,33,21,7,3358,36,365,280,165,875.0
261,126,27,3,10,5,4,239,3,16,13,14,190.0
262,275,68,5,42,61,6,961,16,128,104,172,191.0
263,627,178,14,76,46,6,3146,74,494,345,242,740.0
264,394,86,1,28,36,4,1089,3,94,71,76,250.0
265,208,57,8,25,18,3,653,17,98,54,62,140.0
266,382,101,16,55,22,1,382,16,50,55,22,97.5
267,459,113,20,57,68,12,5348,155,713,660,735,740.0
268,549,149,7,47,42,1,549,7,73,47,42,140.0
269,288,63,3,33,16,10,2682,38,315,259,204,341.667
270,303,84,4,32,23,2,312,4,39,32,23,425.0
271,522,163,9,46,62,13,7037,153,1043,827,535,1000.0
272,512,117,29,88,43,6,1750,100,204,276,155,100.0
273,220,66,5,28,13,3,290,5,27,31,15,90.0
274,522,140,16,77,60,4,730,22,93,106,86,200.0
275,461,112,18,54,35,2,680,24,76,75,49,135.0
276,581,145,17,68,21,2,831,21,106,86,40,155.0
277,530,159,3,50,47,6,1619,11,218,149,163,475.0
278,557,142,21,81,23,18,8759,271,1138,1299,478,1450.0
279,439,96,0,36,65,4,711,1,68,56,99,150.0
280,453,103,8,33,52,2,507,8,63,39,58,105.0
281,528,122,1,45,51,4,1716,12,211,146,155,350.0
282,633,210,6,56,59,6,3070,19,420,230,274,90.0
283,16,2,0,0,0,2,28,0,1,0,0,425.0
284,562,169,17,73,53,8,3181,61,450,342,373,530.0
285,281,76,3,25,20,8,2658,48,324,300,179,341.667
286,593,152,23,75,53,6,2765,133,369,384,321,940.0
287,687,213,10,65,27,4,1518,15,196,137,89,350.0
288,368,103,3,28,54,8,1897,9,207,162,198,326.667
289,263,70,1,23,30,4,888,9,83,82,86,250.0
290,642,211,14,59,52,5,2364,27,352,230,193,740.0
291,265,68,8,30,29,7,1337,32,135,163,128,425.0
292,289,63,7,41,44,17,7402,195,1115,919,1153,425.0
293,559,141,2,61,73,8,3162,16,421,349,359,925.0
294,520,120,17,44,21,4,927,22,106,80,52,185.0
295,19,4,1,3,1,1,19,1,2,3,1,920.0
296,205,43,2,17,20,7,854,12,105,99,71,286.667
297,193,47,10,29,24,6,1136,42,129,139,106,245.0
298,181,46,1,18,17,5,937,9,88,95,104,425.0
299,213,61,4,22,3,17,4061,83,488,491,244,235.0
300,510,147,10,52,53,7,2872,63,307,340,174,1150.0
301,578,138,1,59,34,3,1399,7,149,161,87,160.0
302,200,51,2,29,25,23,9778,379,1272,1652,925,425.0
303,441,113,5,52,76,5,1546,17,226,149,191,425.0
304,172,42,3,14,15,10,4086,57,579,363,406,900.0
305,580,194,9,62,78,8,3372,48,604,314,469,425.0
306,127,32,4,25,12,19,8396,242,1048,1348,819,500.0
307,279,69,4,31,32,4,1359,31,180,148,158,277.5
308,480,112,18,71,44,7,3031,110,338,406,239,750.0
309,600,139,0,29,60,2,1236,1,201,69,110,160.0
310,610,186,19,98,74,6,2728,69,399,366,286,1300.0
311,360,81,5,44,37,7,2268,41,279,257,246,525.0
312,387,124,1,27,36,7,1775,6,272,125,194,550.0
313,580,207,8,71,105,5,2778,32,474,322,417,1600.0
314,408,117,11,41,34,1,408,11,66,41,34,120.0
315,593,172,22,100,57,1,593,22,82,100,57,165.0
316,221,53,2,23,22,8,1063,15,107,124,106,425.0
317,497,127,7,48,37,5,2703,32,379,311,138,700.0
318,492,136,5,50,94,12,5511,39,897,451,875,875.0
319,475,126,3,43,52,6,1700,7,217,93,146,385.0
320,573,144,9,60,78,8,3198,97,470,420,332,960.0
321,631,170,9,44,31,11,4908,30,775,357,249,1000.0
